  3.6000000e+002  1.2990000e-004  3.9170000e-006  6.0610000e-004
  3.6100000e+002  1.4584700e-004  4.3935810e-006  6.8087920e-004
  3.6200000e+002  1.6380210e-004  4.9296040e-006  7.6514560e-004
  3.6300000e+002  1.8400370e-004  5.5321360e-006  8.6001240e-004
  3.6400000e+002  2.0669020e-004  6.2082450e-006  9.6659280e-004
  3.6500000e+002  2.3210000e-004  6.9650000e-006  1.0860000e-003
  3.6600000e+002  2.6072800e-004  7.8132190e-006  1.2205860e-003
  3.6700000e+002  2.9307500e-004  8.7673360e-006  1.3727290e-003
  3.6800000e+002  3.2938800e-004  9.8398440e-006  1.5435790e-003
  3.6900000e+002  3.6991400e-004  1.1043230e-005  1.7342860e-003
  3.7000000e+002  4.1490000e-004  1.2390000e-005  1.9460000e-003
  3.7100000e+002  4.6415870e-004  1.3886410e-005  2.1777770e-003
  3.7200000e+002  5.1898600e-004  1.5557280e-005  2.4358090e-003
  3.7300000e+002  5.8185400e-004  1.7442960e-005  2.7319530e-003
  3.7400000e+002  6.5523470e-004  1.9583750e-005  3.0780640e-003
  3.7500000e+002  7.4160000e-004  2.2020000e-005  3.4860000e-003
  3.7600000e+002  8.4502960e-004  2.4839650e-005  3.9752270e-003
  3.7700000e+002  9.6452680e-004  2.8041260e-005  4.5408800e-003
  3.7800000e+002  1.0949490e-003  3.1531040e-005  5.1583200e-003
  3.7900000e+002  1.2311540e-003  3.5215210e-005  5.8029070e-003
  3.8000000e+002  1.3680000e-003  3.9000000e-005  6.4500010e-003
  3.8100000e+002  1.5020500e-003  4.2826400e-005  7.0832160e-003
  3.8200000e+002  1.6423280e-003  4.6914600e-005  7.7454880e-003
  3.8300000e+002  1.8023820e-003  5.1589600e-005  8.5011520e-003
  3.8400000e+002  1.9957570e-003  5.7176400e-005  9.4145440e-003
  3.8500000e+002  2.2360000e-003  6.4000000e-005  1.0549990e-002
  3.8600000e+002  2.5353850e-003  7.2344210e-005  1.1965800e-002
  3.8700000e+002  2.8926030e-003  8.2212240e-005  1.3655870e-002
  3.8800000e+002  3.3008290e-003  9.3508160e-005  1.5588050e-002
  3.8900000e+002  3.7532360e-003  1.0613610e-004  1.7730150e-002
  3.9000000e+002  4.2430000e-003  1.2000000e-004  2.0050010e-002
  3.9100000e+002  4.7623890e-003  1.3498400e-004  2.2511360e-002
  3.9200000e+002  5.3300480e-003  1.5149200e-004  2.5202880e-002
  3.9300000e+002  5.9787120e-003  1.7020800e-004  2.8279720e-002
  3.9400000e+002  6.7411170e-003  1.9181600e-004  3.1897040e-002
  3.9500000e+002  7.6500000e-003  2.1700000e-004  3.6210000e-002
  3.9600000e+002  8.7513730e-003  2.4690670e-004  4.1437710e-002
  3.9700000e+002  1.0028880e-002  2.8124000e-004  4.7503720e-002
  3.9800000e+002  1.1421700e-002  3.1852000e-004  5.4119880e-002
  3.9900000e+002  1.2869010e-002  3.5726670e-004  6.0998030e-002
  4.0000000e+002  1.4310000e-002  3.9600000e-004  6.7850010e-002
  4.0100000e+002  1.5704430e-002  4.3371470e-004  7.4486320e-002
  4.0200000e+002  1.7147440e-002  4.7302400e-004  8.1361560e-002
  4.0300000e+002  1.8781220e-002  5.1787600e-004  8.9153640e-002
  4.0400000e+002  2.0748010e-002  5.7221870e-004  9.8540480e-002
  4.0500000e+002  2.3190000e-002  6.4000000e-004  1.1020000e-001
  4.0600000e+002  2.6207360e-002  7.2456000e-004  1.2461330e-001
  4.0700000e+002  2.9782480e-002  8.2550000e-004  1.4170170e-001
  4.0800000e+002  3.3880920e-002  9.4116000e-004  1.6130350e-001
  4.0900000e+002  3.8468240e-002  1.0698800e-003  1.8325680e-001
  4.1000000e+002  4.3510000e-002  1.2100000e-003  2.0740000e-001
  4.1100000e+002  4.8995600e-002  1.3620910e-003  2.3369210e-001
  4.1200000e+002  5.5022600e-002  1.5307520e-003  2.6261140e-001
  4.1300000e+002  6.1718800e-002  1.7203680e-003  2.9477460e-001
  4.1400000e+002  6.9212000e-002  1.9353230e-003  3.3079850e-001
  4.1500000e+002  7.7630000e-002  2.1800000e-003  3.7130000e-001
  4.1600000e+002  8.6958110e-002  2.4548000e-003  4.1620910e-001
  4.1700000e+002  9.7176720e-002  2.7640000e-003  4.6546420e-001
  4.1800000e+002  1.0840630e-001  3.1178000e-003  5.1969480e-001
  4.1900000e+002  1.2076720e-001  3.5264000e-003  5.7953030e-001
  4.2000000e+002  1.3438000e-001  4.0000000e-003  6.4560000e-001
  4.2100000e+002  1.4935820e-001  4.5462400e-003  7.1848380e-001
  4.2200000e+002  1.6539570e-001  5.1593200e-003  7.9671330e-001
  4.2300000e+002  1.8198310e-001  5.8292800e-003  8.7784590e-001
  4.2400000e+002  1.9861100e-001  6.5461600e-003  9.5943900e-001
  4.2500000e+002  2.1477000e-001  7.3000000e-003  1.0390501e+000
  4.2600000e+002  2.3018680e-001  8.0865070e-003  1.1153673e+000
  4.2700000e+002  2.4487970e-001  8.9087200e-003  1.1884971e+000
  4.2800000e+002  2.5877730e-001  9.7676800e-003  1.2581233e+000
  4.2900000e+002  2.7180790e-001  1.0664430e-002  1.3239296e+000
  4.3000000e+002  2.8390000e-001  1.1600000e-002  1.3856000e+000
  4.3100000e+002  2.9494380e-001  1.2573170e-002  1.4426352e+000
  4.3200000e+002  3.0489650e-001  1.3582720e-002  1.4948035e+000
  4.3300000e+002  3.1378730e-001  1.4629680e-002  1.5421903e+000
  4.3400000e+002  3.2164540e-001  1.5715090e-002  1.5848807e+000
  4.3500000e+002  3.2850000e-001  1.6840000e-002  1.6229600e+000
  4.3600000e+002  3.3435130e-001  1.8007360e-002  1.6564048e+000
  4.3700000e+002  3.3921010e-001  1.9214480e-002  1.6852959e+000
  4.3800000e+002  3.4312130e-001  2.0453920e-002  1.7098745e+000
  4.3900000e+002  3.4612960e-001  2.1718240e-002  1.7303821e+000
  4.4000000e+002  3.4828000e-001  2.3000000e-002  1.7470600e+000
  4.4100000e+002  3.4959990e-001  2.4294610e-002  1.7600446e+000
  4.4200000e+002  3.5014740e-001  2.5610240e-002  1.7696233e+000
  4.4300000e+002  3.5001300e-001  2.6958570e-002  1.7762637e+000
  4.4400000e+002  3.4928700e-001  2.8351250e-002  1.7804334e+000
  4.4500000e+002  3.4806000e-001  2.9800000e-002  1.7826000e+000
  4.4600000e+002  3.4637330e-001  3.1310830e-002  1.7829682e+000
  4.4700000e+002  3.4426240e-001  3.2883680e-002  1.7816998e+000
  4.4800000e+002  3.4180880e-001  3.4521120e-002  1.7791982e+000
  4.4900000e+002  3.3909410e-001  3.6225710e-002  1.7758671e+000
  4.5000000e+002  3.3620000e-001  3.8000000e-002  1.7721100e+000
  4.5100000e+002  3.3319770e-001  3.9846670e-002  1.7682589e+000
  4.5200000e+002  3.3004110e-001  4.1768000e-002  1.7640390e+000
  4.5300000e+002  3.2663570e-001  4.3766000e-002  1.7589438e+000
  4.5400000e+002  3.2288680e-001  4.5842670e-002  1.7524663e+000
  4.5500000e+002  3.1870000e-001  4.8000000e-002  1.7441000e+000
  4.5600000e+002  3.1402510e-001  5.0243680e-002  1.7335595e+000
  4.5700000e+002  3.0888400e-001  5.2573040e-002  1.7208581e+000
  4.5800000e+002  3.0329040e-001  5.4980560e-002  1.7059369e+000
  4.5900000e+002  2.9725790e-001  5.7458720e-002  1.6887372e+000
  4.6000000e+002  2.9080000e-001  6.0000000e-002  1.6692000e+000
  4.6100000e+002  2.8397010e-001  6.2601970e-002  1.6475287e+000
  4.6200000e+002  2.7672140e-001  6.5277520e-002  1.6234127e+000
  4.6300000e+002  2.6891780e-001  6.8042080e-002  1.5960223e+000
  4.6400000e+002  2.6042270e-001  7.0911090e-002  1.5645280e+000
  4.6500000e+002  2.5110000e-001  7.3900000e-002  1.5281000e+000
  4.6600000e+002  2.4084750e-001  7.7016000e-002  1.4861114e+000
  4.6700000e+002  2.2985120e-001  8.0266400e-002  1.4395215e+000
  4.6800000e+002  2.1840720e-001  8.3666800e-002  1.3898799e+000
  4.6900000e+002  2.0681150e-001  8.7232800e-002  1.3387362e+000
  4.7000000e+002  1.9536000e-001  9.0980000e-002  1.2876400e+000
  4.7100000e+002  1.8421360e-001  9.4917550e-002  1.2374223e+000
  4.7200000e+002  1.7332730e-001  9.9045840e-002  1.1878243e+000
  4.7300000e+002  1.6268810e-001  1.0336740e-001  1.1387611e+000
  4.7400000e+002  1.5228330e-001  1.0788460e-001  1.0901480e+000
  4.7500000e+002  1.4210000e-001  1.1260000e-001  1.0419000e+000
  4.7600000e+002  1.3217860e-001  1.1753200e-001  9.9419760e-001
  4.7700000e+002  1.2256960e-001  1.2267440e-001  9.4734730e-001
  4.7800000e+002  1.1327520e-001  1.2799280e-001  9.0145310e-001
  4.7900000e+002  1.0429790e-001  1.3345280e-001  8.5661930e-001
  4.8000000e+002  9.5640000e-002  1.3902000e-001  8.1295010e-001
  4.8100000e+002  8.7299550e-002  1.4467640e-001  7.7051730e-001
  4.8200000e+002  7.9308040e-002  1.5046930e-001  7.2944480e-001
  4.8300000e+002  7.1717760e-002  1.5646190e-001  6.8991360e-001
  4.8400000e+002  6.4580990e-002  1.6271770e-001  6.5210490e-001
  4.8500000e+002  5.7950010e-002  1.6930000e-001  6.1620000e-001
  4.8600000e+002  5.1862110e-002  1.7624310e-001  5.8232860e-001
  4.8700000e+002  4.6281520e-002  1.8355810e-001  5.5041620e-001
  4.8800000e+002  4.1150880e-002  1.9127350e-001  5.2033760e-001
  4.8900000e+002  3.6412830e-002  1.9941800e-001  4.9196730e-001
  4.9000000e+002  3.2010000e-002  2.0802000e-001  4.6518000e-001
  4.9100000e+002  2.7917200e-002  2.1711990e-001  4.3992460e-001
  4.9200000e+002  2.4144400e-002  2.2673450e-001  4.1618360e-001
  4.9300000e+002  2.0687000e-002  2.3685710e-001  3.9388220e-001
  4.9400000e+002  1.7540400e-002  2.4748120e-001  3.7294590e-001
  4.9500000e+002  1.4700000e-002  2.5860000e-001  3.5330000e-001
  4.9600000e+002  1.2161790e-002  2.7018490e-001  3.3485780e-001
  4.9700000e+002  9.9199600e-003  2.8229390e-001  3.1755210e-001
  4.9800000e+002  7.9672400e-003  2.9505050e-001  3.0133750e-001
  4.9900000e+002  6.2963460e-003  3.0857800e-001  2.8616860e-001
  5.0000000e+002  4.9000000e-003  3.2300000e-001  2.7200000e-001
  5.0100000e+002  3.7771730e-003  3.3840210e-001  2.5881710e-001
  5.0200000e+002  2.9453200e-003  3.5468580e-001  2.4648380e-001
  5.0300000e+002  2.4248800e-003  3.7169860e-001  2.3477180e-001
  5.0400000e+002  2.2362930e-003  3.8928750e-001  2.2345330e-001
  5.0500000e+002  2.4000000e-003  4.0730000e-001  2.1230000e-001
  5.0600000e+002  2.9255200e-003  4.2562990e-001  2.0116920e-001
  5.0700000e+002  3.8365600e-003  4.4430960e-001  1.9011960e-001
  5.0800000e+002  5.1748400e-003  4.6339440e-001  1.7922540e-001
  5.0900000e+002  6.9820800e-003  4.8293950e-001  1.6856080e-001
  5.1000000e+002  9.3000000e-003  5.0300000e-001  1.5820000e-001
  5.1100000e+002  1.2149490e-002  5.2356930e-001  1.4813830e-001
  5.1200000e+002  1.5535880e-002  5.4451200e-001  1.3837580e-001
  5.1300000e+002  1.9477520e-002  5.6569000e-001  1.2899420e-001
  5.1400000e+002  2.3992770e-002  5.8696530e-001  1.2007510e-001
  5.1500000e+002  2.9100000e-002  6.0820000e-001  1.1170000e-001
  5.1600000e+002  3.4814850e-002  6.2934560e-001  1.0390480e-001
  5.1700000e+002  4.1120160e-002  6.5030680e-001  9.6667480e-002
  5.1800000e+002  4.7985040e-002  6.7087520e-001  8.9982720e-002
  5.1900000e+002  5.5378610e-002  6.9084240e-001  8.3845310e-002
  5.2000000e+002  6.3270000e-002  7.1000000e-001  7.8249990e-002
  5.2100000e+002  7.1635010e-002  7.2818520e-001  7.3208990e-002
  5.2200000e+002  8.0462240e-002  7.4546360e-001  6.8678160e-002
  5.2300000e+002  8.9739960e-002  7.6196940e-001  6.4567840e-002
  5.2400000e+002  9.9456450e-002  7.7783680e-001  6.0788350e-002
  5.2500000e+002  1.0960000e-001  7.9320000e-001  5.7250010e-002
  5.2600000e+002  1.2016740e-001  8.0811040e-001  5.3904350e-002
  5.2700000e+002  1.3111450e-001  8.2249620e-001  5.0746640e-002
  5.2800000e+002  1.4236790e-001  8.3630680e-001  4.7752760e-002
  5.2900000e+002  1.5385420e-001  8.4949160e-001  4.4898590e-002
  5.3000000e+002  1.6550000e-001  8.6200000e-001  4.2160000e-002
  5.3100000e+002  1.7725710e-001  8.7381080e-001  3.9507280e-002
  5.3200000e+002  1.8914000e-001  8.8496240e-001  3.6935640e-002
  5.3300000e+002  2.0116940e-001  8.9549360e-001  3.4458360e-002
  5.3400000e+002  2.1336580e-001  9.0544320e-001  3.2088720e-002
  5.3500000e+002  2.2574990e-001  9.1485010e-001  2.9840000e-002
  5.3600000e+002  2.3832090e-001  9.2373480e-001  2.7711810e-002
  5.3700000e+002  2.5106680e-001  9.3209240e-001  2.5694440e-002
  5.3800000e+002  2.6399220e-001  9.3992260e-001  2.3787160e-002
  5.3900000e+002  2.7710170e-001  9.4722520e-001  2.1989250e-002
  5.4000000e+002  2.9040000e-001  9.5400000e-001  2.0300000e-002
  5.4100000e+002  3.0389120e-001  9.6025610e-001  1.8718050e-002
  5.4200000e+002  3.1757260e-001  9.6600740e-001  1.7240360e-002
  5.4300000e+002  3.3143840e-001  9.7126060e-001  1.5863640e-002
  5.4400000e+002  3.4548280e-001  9.7602250e-001  1.4584610e-002
  5.4500000e+002  3.5970000e-001  9.8030000e-001  1.3400000e-002
  5.4600000e+002  3.7408390e-001  9.8409240e-001  1.2307230e-002
  5.4700000e+002  3.8863960e-001  9.8741820e-001  1.1301880e-002
  5.4800000e+002  4.0337840e-001  9.9031280e-001  1.0377920e-002
  5.4900000e+002  4.1831150e-001  9.9281160e-001  9.5293060e-003
  5.5000000e+002  4.3344990e-001  9.9495010e-001  8.7499990e-003
  5.5100000e+002  4.4879530e-001  9.9671080e-001  8.0352000e-003
  5.5200000e+002  4.6433600e-001  9.9809830e-001  7.3816000e-003
  5.5300000e+002  4.8006400e-001  9.9911200e-001  6.7854000e-003
  5.5400000e+002  4.9597130e-001  9.9974820e-001  6.2428000e-003
  5.5500000e+002  5.1205010e-001  1.0000000e+000  5.7499990e-003
  5.5600000e+002  5.2829590e-001  9.9985670e-001  5.3036000e-003
  5.5700000e+002  5.4469160e-001  9.9930460e-001  4.8998000e-003
  5.5800000e+002  5.6120940e-001  9.9832550e-001  4.5342000e-003
  5.5900000e+002  5.7782150e-001  9.9689870e-001  4.2024000e-003
  5.6000000e+002  5.9450000e-001  9.9500000e-001  3.9000000e-003
  5.6100000e+002  6.1122090e-001  9.9260050e-001  3.6232000e-003
  5.6200000e+002  6.2797580e-001  9.8974260e-001  3.3706000e-003
  5.6300000e+002  6.4476020e-001  9.8644440e-001  3.1414000e-003
  5.6400000e+002  6.6156970e-001  9.8272410e-001  2.9348000e-003
  5.6500000e+002  6.7840000e-001  9.7860000e-001  2.7499990e-003
  5.6600000e+002  6.9523920e-001  9.7408370e-001  2.5852000e-003
  5.6700000e+002  7.1205860e-001  9.6917120e-001  2.4386000e-003
  5.6800000e+002  7.2882840e-001  9.6385680e-001  2.3094000e-003
  5.6900000e+002  7.4551880e-001  9.5813490e-001  2.1968000e-003
  5.7000000e+002  7.6210000e-001  9.5200000e-001  2.1000000e-003
  5.7100000e+002  7.7854320e-001  9.4545040e-001  2.0177330e-003
  5.7200000e+002  7.9482560e-001  9.3849920e-001  1.9482000e-003
  5.7300000e+002  8.1092640e-001  9.3116280e-001  1.8898000e-003
  5.7400000e+002  8.2682480e-001  9.2345760e-001  1.8409330e-003
  5.7500000e+002  8.4250000e-001  9.1540000e-001  1.8000000e-003
  5.7600000e+002  8.5793250e-001  9.0700640e-001  1.7662670e-003
  5.7700000e+002  8.7308160e-001  8.9827720e-001  1.7378000e-003
  5.7800000e+002  8.8789440e-001  8.8920480e-001  1.7112000e-003
  5.7900000e+002  9.0231810e-001  8.7978160e-001  1.6830670e-003
  5.8000000e+002  9.1630000e-001  8.7000000e-001  1.6500010e-003
  5.8100000e+002  9.2979950e-001  8.5986130e-001  1.6101330e-003
  5.8200000e+002  9.4279840e-001  8.4939200e-001  1.5644000e-003
  5.8300000e+002  9.5527760e-001  8.3862200e-001  1.5136000e-003
  5.8400000e+002  9.6721790e-001  8.2758130e-001  1.4585330e-003
  5.8500000e+002  9.7860000e-001  8.1630000e-001  1.4000000e-003
  5.8600000e+002  9.8938560e-001  8.0479470e-001  1.3366670e-003
  5.8700000e+002  9.9954880e-001  7.9308200e-001  1.2700000e-003
  5.8800000e+002  1.0090892e+000  7.8119200e-001  1.2050000e-003
  5.8900000e+002  1.0180064e+000  7.6915470e-001  1.1466670e-003
  5.9000000e+002  1.0263000e+000  7.5700000e-001  1.1000000e-003
  5.9100000e+002  1.0339827e+000  7.4475410e-001  1.0688000e-003
  5.9200000e+002  1.0409860e+000  7.3242240e-001  1.0494000e-003
  5.9300000e+002  1.0471880e+000  7.2000360e-001  1.0356000e-003
  5.9400000e+002  1.0524667e+000  7.0749650e-001  1.0212000e-003
  5.9500000e+002  1.0567000e+000  6.9490000e-001  1.0000000e-003
  5.9600000e+002  1.0597944e+000  6.8221920e-001  9.6864000e-004
  5.9700000e+002  1.0617992e+000  6.6947160e-001  9.2992000e-004
  5.9800000e+002  1.0628068e+000  6.5667440e-001  8.8688000e-004
  5.9900000e+002  1.0629096e+000  6.4384480e-001  8.4256000e-004
  6.0000000e+002  1.0622000e+000  6.3100000e-001  8.0000000e-004
  6.0100000e+002  1.0607352e+000  6.1815550e-001  7.6096000e-004
  6.0200000e+002  1.0584436e+000  6.0531440e-001  7.2368000e-004
  6.0300000e+002  1.0552244e+000  5.9247560e-001  6.8592000e-004
  6.0400000e+002  1.0509768e+000  5.7963790e-001  6.4544000e-004
  6.0500000e+002  1.0456000e+000  5.6680000e-001  6.0000000e-004
  6.0600000e+002  1.0390369e+000  5.5396110e-001  5.4786670e-004
  6.0700000e+002  1.0313608e+000  5.4113720e-001  4.9160000e-004
  6.0800000e+002  1.0226662e+000  5.2835280e-001  4.3540000e-004
  6.0900000e+002  1.0130477e+000  5.1563230e-001  3.8346670e-004
  6.1000000e+002  1.0026000e+000  5.0300000e-001  3.4000000e-004
  6.1100000e+002  9.9136750e-001  4.9046880e-001  3.0725330e-004
  6.1200000e+002  9.7933140e-001  4.7803040e-001  2.8316000e-004
  6.1300000e+002  9.6649160e-001  4.6567760e-001  2.6544000e-004
  6.1400000e+002  9.5284790e-001  4.5340320e-001  2.5181330e-004
  6.1500000e+002  9.3840000e-001  4.4120000e-001  2.4000000e-004
  6.1600000e+002  9.2319400e-001  4.2908000e-001  2.2954670e-004
  6.1700000e+002  9.0724400e-001  4.1703600e-001  2.2064000e-004
  6.1800000e+002  8.9050200e-001  4.0503200e-001  2.1196000e-004
  6.1900000e+002  8.7292000e-001  3.9303200e-001  2.0218670e-004
  6.2000000e+002  8.5444990e-001  3.8100000e-001  1.9000000e-004
  6.2100000e+002  8.3508400e-001  3.6891840e-001  1.7421330e-004
  6.2200000e+002  8.1494600e-001  3.5682720e-001  1.5564000e-004
  6.2300000e+002  7.9418600e-001  3.4477680e-001  1.3596000e-004
  6.2400000e+002  7.7295400e-001  3.3281760e-001  1.1685330e-004
  6.2500000e+002  7.5140000e-001  3.2100000e-001  1.0000000e-004
  6.2600000e+002  7.2958360e-001  3.0933810e-001  8.6133330e-005
  6.2700000e+002  7.0758880e-001  2.9785040e-001  7.4600000e-005
  6.2800000e+002  6.8560220e-001  2.8659360e-001  6.5000000e-005
  6.2900000e+002  6.6381040e-001  2.7562450e-001  5.6933330e-005
  6.3000000e+002  6.4240000e-001  2.6500000e-001  4.9999990e-005
  6.3100000e+002  6.2151490e-001  2.5476320e-001  4.4160000e-005
  6.3200000e+002  6.0111380e-001  2.4488960e-001  3.9480000e-005
  6.3300000e+002  5.8110520e-001  2.3533440e-001  3.5720000e-005
  6.3400000e+002  5.6139770e-001  2.2605280e-001  3.2640000e-005
  6.3500000e+002  5.4190000e-001  2.1700000e-001  3.0000000e-005
  6.3600000e+002  5.2259950e-001  2.0816160e-001  2.7653330e-005
  6.3700000e+002  5.0354640e-001  1.9954880e-001  2.5560000e-005
  6.3800000e+002  4.8474360e-001  1.9115520e-001  2.3640000e-005
  6.3900000e+002  4.6619390e-001  1.8297440e-001  2.1813330e-005
  6.4000000e+002  4.4790000e-001  1.7500000e-001  2.0000000e-005
  6.4100000e+002  4.2986130e-001  1.6722350e-001  1.8133330e-005
  6.4200000e+002  4.1209800e-001  1.5964640e-001  1.6200000e-005
  6.4300000e+002  3.9464400e-001  1.5227760e-001  1.4200000e-005
  6.4400000e+002  3.7753330e-001  1.4512590e-001  1.2133330e-005
  6.4500000e+002  3.6080000e-001  1.3820000e-001  1.0000000e-005
  6.4600000e+002  3.4445630e-001  1.3150030e-001  7.7333330e-006
  6.4700000e+002  3.2851680e-001  1.2502480e-001  5.4000000e-006
  6.4800000e+002  3.1301920e-001  1.1877920e-001  3.2000000e-006
  6.4900000e+002  2.9800110e-001  1.1276910e-001  1.3333330e-006
  6.5000000e+002  2.8350000e-001  1.0700000e-001  0.0000000e+000
  6.5100000e+002  2.6954480e-001  1.0147620e-001  0.0000000e+000
  6.5200000e+002  2.5611840e-001  9.6188640e-002  0.0000000e+000
  6.5300000e+002  2.4318960e-001  9.1122960e-002  0.0000000e+000
  6.5400000e+002  2.3072720e-001  8.6264850e-002  0.0000000e+000
  6.5500000e+002  2.1870000e-001  8.1600000e-002  0.0000000e+000
  6.5600000e+002  2.0709710e-001  7.7120640e-002  0.0000000e+000
  6.5700000e+002  1.9592320e-001  7.2825520e-002  0.0000000e+000
  6.5800000e+002  1.8517080e-001  6.8710080e-002  0.0000000e+000
  6.5900000e+002  1.7483230e-001  6.4769760e-002  0.0000000e+000
  6.6000000e+002  1.6490000e-001  6.1000000e-002  0.0000000e+000
  6.6100000e+002  1.5536670e-001  5.7396210e-002  0.0000000e+000
  6.6200000e+002  1.4623000e-001  5.3955040e-002  0.0000000e+000
  6.6300000e+002  1.3749000e-001  5.0673760e-002  0.0000000e+000
  6.6400000e+002  1.2914670e-001  4.7549650e-002  0.0000000e+000
  6.6500000e+002  1.2120000e-001  4.4580000e-002  0.0000000e+000
  6.6600000e+002  1.1363970e-001  4.1758720e-002  0.0000000e+000
  6.6700000e+002  1.0646500e-001  3.9084960e-002  0.0000000e+000
  6.6800000e+002  9.9690440e-002  3.6563840e-002  0.0000000e+000
  6.6900000e+002  9.3330610e-002  3.4200480e-002  0.0000000e+000
  6.7000000e+002  8.7400000e-002  3.2000000e-002  0.0000000e+000
  6.7100000e+002  8.1900960e-002  2.9962610e-002  0.0000000e+000
  6.7200000e+002  7.6804280e-002  2.8076640e-002  0.0000000e+000
  6.7300000e+002  7.2077120e-002  2.6329360e-002  0.0000000e+000
  6.7400000e+002  6.7686640e-002  2.4708050e-002  0.0000000e+000
  6.7500000e+002  6.3600000e-002  2.3200000e-002  0.0000000e+000
  6.7600000e+002  5.9806850e-002  2.1800770e-002  0.0000000e+000
  6.7700000e+002  5.6282160e-002  2.0501120e-002  0.0000000e+000
  6.7800000e+002  5.2971040e-002  1.9281080e-002  0.0000000e+000
  6.7900000e+002  4.9818610e-002  1.8120690e-002  0.0000000e+000
  6.8000000e+002  4.6770000e-002  1.7000000e-002  0.0000000e+000
  6.8100000e+002  4.3784050e-002  1.5903790e-002  0.0000000e+000
  6.8200000e+002  4.0875360e-002  1.4837180e-002  0.0000000e+000
  6.8300000e+002  3.8072640e-002  1.3810680e-002  0.0000000e+000
  6.8400000e+002  3.5404610e-002  1.2834780e-002  0.0000000e+000
  6.8500000e+002  3.2900000e-002  1.1920000e-002  0.0000000e+000
  6.8600000e+002  3.0564190e-002  1.1068310e-002  0.0000000e+000
  6.8700000e+002  2.8380560e-002  1.0273390e-002  0.0000000e+000
  6.8800000e+002  2.6344840e-002  9.5333110e-003  0.0000000e+000
  6.8900000e+002  2.4452750e-002  8.8461570e-003  0.0000000e+000
  6.9000000e+002  2.2700000e-002  8.2100000e-003  0.0000000e+000
  6.9100000e+002  2.1084290e-002  7.6237810e-003  0.0000000e+000
  6.9200000e+002  1.9599880e-002  7.0854240e-003  0.0000000e+000
  6.9300000e+002  1.8237320e-002  6.5914760e-003  0.0000000e+000
  6.9400000e+002  1.6987170e-002  6.1384850e-003  0.0000000e+000
  6.9500000e+002  1.5840000e-002  5.7230000e-003  0.0000000e+000
  6.9600000e+002  1.4790640e-002  5.3430590e-003  0.0000000e+000
  6.9700000e+002  1.3831320e-002  4.9957960e-003  0.0000000e+000
  6.9800000e+002  1.2948680e-002  4.6764040e-003  0.0000000e+000
  6.9900000e+002  1.2129200e-002  4.3800750e-003  0.0000000e+000
  7.0000000e+002  1.1359160e-002  4.1020000e-003  0.0000000e+000
  7.0100000e+002  1.0629350e-002  3.8384530e-003  0.0000000e+000
  7.0200000e+002  9.9388460e-003  3.5890990e-003  0.0000000e+000
  7.0300000e+002  9.2884220e-003  3.3542190e-003  0.0000000e+000
  7.0400000e+002  8.6788540e-003  3.1340930e-003  0.0000000e+000
  7.0500000e+002  8.1109160e-003  2.9290000e-003  0.0000000e+000
  7.0600000e+002  7.5823880e-003  2.7381390e-003  0.0000000e+000
  7.0700000e+002  7.0887460e-003  2.5598760e-003  0.0000000e+000
  7.0800000e+002  6.6273130e-003  2.3932440e-003  0.0000000e+000
  7.0900000e+002  6.1954080e-003  2.2372750e-003  0.0000000e+000
  7.1000000e+002  5.7903460e-003  2.0910000e-003  0.0000000e+000
  7.1100000e+002  5.4098260e-003  1.9535870e-003  0.0000000e+000
  7.1200000e+002  5.0525830e-003  1.8245800e-003  0.0000000e+000
  7.1300000e+002  4.7175120e-003  1.7035800e-003  0.0000000e+000
  7.1400000e+002  4.4035070e-003  1.5901870e-003  0.0000000e+000
  7.1500000e+002  4.1094570e-003  1.4840000e-003  0.0000000e+000
  7.1600000e+002  3.8339130e-003  1.3844960e-003  0.0000000e+000
  7.1700000e+002  3.5757480e-003  1.2912680e-003  0.0000000e+000
  7.1800000e+002  3.3343420e-003  1.2040920e-003  0.0000000e+000
  7.1900000e+002  3.1090750e-003  1.1227440e-003  0.0000000e+000
  7.2000000e+002  2.8993270e-003  1.0470000e-003  0.0000000e+000
  7.2100000e+002  2.7043480e-003  9.7658960e-004  0.0000000e+000
  7.2200000e+002  2.5230200e-003  9.1110880e-004  0.0000000e+000
  7.2300000e+002  2.3541680e-003  8.5013320e-004  0.0000000e+000
  7.2400000e+002  2.1966160e-003  7.9323840e-004  0.0000000e+000
  7.2500000e+002  2.0491900e-003  7.4000000e-004  0.0000000e+000
  7.2600000e+002  1.9109600e-003  6.9008270e-004  0.0000000e+000
  7.2700000e+002  1.7814380e-003  6.4331000e-004  0.0000000e+000
  7.2800000e+002  1.6601100e-003  5.9949600e-004  0.0000000e+000
  7.2900000e+002  1.5464590e-003  5.5845470e-004  0.0000000e+000
  7.3000000e+002  1.4399710e-003  5.2000000e-004  0.0000000e+000
  7.3100000e+002  1.3400420e-003  4.8391360e-004  0.0000000e+000
  7.3200000e+002  1.2462750e-003  4.5005280e-004  0.0000000e+000
  7.3300000e+002  1.1584710e-003  4.1834520e-004  0.0000000e+000
  7.3400000e+002  1.0764300e-003  3.8871840e-004  0.0000000e+000
  7.3500000e+002  9.9994930e-004  3.6110000e-004  0.0000000e+000
  7.3600000e+002  9.2873580e-004  3.3538350e-004  0.0000000e+000
  7.3700000e+002  8.6243320e-004  3.1144040e-004  0.0000000e+000
  7.3800000e+002  8.0075030e-004  2.8916560e-004  0.0000000e+000
  7.3900000e+002  7.4339600e-004  2.6845390e-004  0.0000000e+000
  7.4000000e+002  6.9007860e-004  2.4920000e-004  0.0000000e+000
  7.4100000e+002  6.4051560e-004  2.3130190e-004  0.0000000e+000
  7.4200000e+002  5.9450210e-004  2.1468560e-004  0.0000000e+000
  7.4300000e+002  5.5186460e-004  1.9928840e-004  0.0000000e+000
  7.4400000e+002  5.1242900e-004  1.8504750e-004  0.0000000e+000
  7.4500000e+002  4.7602130e-004  1.7190000e-004  0.0000000e+000
  7.4600000e+002  4.4245360e-004  1.5977810e-004  0.0000000e+000
  7.4700000e+002  4.1151170e-004  1.4860440e-004  0.0000000e+000
  7.4800000e+002  3.8298140e-004  1.3830160e-004  0.0000000e+000
  7.4900000e+002  3.5664910e-004  1.2879250e-004  0.0000000e+000
  7.5000000e+002  3.3230110e-004  1.2000000e-004  0.0000000e+000
  7.5100000e+002  3.0975860e-004  1.1185950e-004  0.0000000e+000
  7.5200000e+002  2.8888710e-004  1.0432240e-004  0.0000000e+000
  7.5300000e+002  2.6953940e-004  9.7335600e-005  0.0000000e+000
  7.5400000e+002  2.5156820e-004  9.0845870e-005  0.0000000e+000
  7.5500000e+002  2.3482610e-004  8.4800000e-005  0.0000000e+000
  7.5600000e+002  2.1917100e-004  7.9146670e-005  0.0000000e+000
  7.5700000e+002  2.0452580e-004  7.3858000e-005  0.0000000e+000
  7.5800000e+002  1.9084050e-004  6.8916000e-005  0.0000000e+000
  7.5900000e+002  1.7806540e-004  6.4302670e-005  0.0000000e+000
  7.6000000e+002  1.6615050e-004  6.0000000e-005  0.0000000e+000
  7.6100000e+002  1.5502360e-004  5.5981870e-005  0.0000000e+000
  7.6200000e+002  1.4462190e-004  5.2225600e-005  0.0000000e+000
  7.6300000e+002  1.3490980e-004  4.8718400e-005  0.0000000e+000
  7.6400000e+002  1.2585200e-004  4.5447470e-005  0.0000000e+000
  7.6500000e+002  1.1741300e-004  4.2400000e-005  0.0000000e+000
  7.6600000e+002  1.0955150e-004  3.9561040e-005  0.0000000e+000
  7.6700000e+002  1.0222450e-004  3.6915120e-005  0.0000000e+000
  7.6800000e+002  9.5394450e-005  3.4448680e-005  0.0000000e+000
  7.6900000e+002  8.9023900e-005  3.2148160e-005  0.0000000e+000
  7.7000000e+002  8.3075270e-005  3.0000000e-005  0.0000000e+000
  7.7100000e+002  7.7512690e-005  2.7991250e-005  0.0000000e+000
  7.7200000e+002  7.2313040e-005  2.6113560e-005  0.0000000e+000
  7.7300000e+002  6.7457780e-005  2.4360240e-005  0.0000000e+000
  7.7400000e+002  6.2928440e-005  2.2724610e-005  0.0000000e+000
  7.7500000e+002  5.8706520e-005  2.1200000e-005  0.0000000e+000
  7.7600000e+002  5.4770280e-005  1.9778550e-005  0.0000000e+000
  7.7700000e+002  5.1099180e-005  1.8452850e-005  0.0000000e+000
  7.7800000e+002  4.7676540e-005  1.7216870e-005  0.0000000e+000
  7.7900000e+002  4.4485670e-005  1.6064590e-005  0.0000000e+000
  7.8000000e+002  4.1509940e-005  1.4990000e-005  0.0000000e+000
  7.8100000e+002  3.8733240e-005  1.3987280e-005  0.0000000e+000
  7.8200000e+002  3.6142030e-005  1.3051550e-005  0.0000000e+000
  7.8300000e+002  3.3723520e-005  1.2178180e-005  0.0000000e+000
  7.8400000e+002  3.1464870e-005  1.1362540e-005  0.0000000e+000
  7.8500000e+002  2.9353260e-005  1.0600000e-005  0.0000000e+000
  7.8600000e+002  2.7375730e-005  9.8858770e-006  0.0000000e+000
  7.8700000e+002  2.5524330e-005  9.2173040e-006  0.0000000e+000
  7.8800000e+002  2.3793760e-005  8.5923620e-006  0.0000000e+000
  7.8900000e+002  2.2178700e-005  8.0091330e-006  0.0000000e+000
  7.9000000e+002  2.0673830e-005  7.4657000e-006  0.0000000e+000
  7.9100000e+002  1.9272260e-005  6.9595670e-006  0.0000000e+000
  7.9200000e+002  1.7966400e-005  6.4879950e-006  0.0000000e+000
  7.9300000e+002  1.6749910e-005  6.0486990e-006  0.0000000e+000
  7.9400000e+002  1.5616480e-005  5.6393960e-006  0.0000000e+000
  7.9500000e+002  1.4559770e-005  5.2578000e-006  0.0000000e+000
  7.9600000e+002  1.3573870e-005  4.9017710e-006  0.0000000e+000
  7.9700000e+002  1.2654360e-005  4.5697200e-006  0.0000000e+000
  7.9800000e+002  1.1797230e-005  4.2601940e-006  0.0000000e+000
  7.9900000e+002  1.0998440e-005  3.9717390e-006  0.0000000e+000
  8.0000000e+002  1.0253980e-005  3.7029000e-006  0.0000000e+000
  8.0100000e+002  9.5596460e-006  3.4521630e-006  0.0000000e+000
  8.0200000e+002  8.9120440e-006  3.2183020e-006  0.0000000e+000
  8.0300000e+002  8.3083580e-006  3.0003000e-006  0.0000000e+000
  8.0400000e+002  7.7457690e-006  2.7971390e-006  0.0000000e+000
  8.0500000e+002  7.2214560e-006  2.6078000e-006  0.0000000e+000
  8.0600000e+002  6.7324750e-006  2.4312200e-006  0.0000000e+000
  8.0700000e+002  6.2764230e-006  2.2665310e-006  0.0000000e+000
  8.0800000e+002  5.8513040e-006  2.1130130e-006  0.0000000e+000
  8.0900000e+002  5.4551180e-006  1.9699430e-006  0.0000000e+000
  8.1000000e+002  5.0858680e-006  1.8366000e-006  0.0000000e+000
  8.1100000e+002  4.7414660e-006  1.7122300e-006  0.0000000e+000
  8.1200000e+002  4.4202360e-006  1.5962280e-006  0.0000000e+000
  8.1300000e+002  4.1207830e-006  1.4880900e-006  0.0000000e+000
  8.1400000e+002  3.8417160e-006  1.3873140e-006  0.0000000e+000
  8.1500000e+002  3.5816520e-006  1.2934000e-006  0.0000000e+000
  8.1600000e+002  3.3391270e-006  1.2058200e-006  0.0000000e+000
  8.1700000e+002  3.1129490e-006  1.1241430e-006  0.0000000e+000
  8.1800000e+002  2.9021210e-006  1.0480090e-006  0.0000000e+000
  8.1900000e+002  2.7056450e-006  9.7705800e-007  0.0000000e+000
  8.2000000e+002  2.5225250e-006  9.1093000e-007  0.0000000e+000
  8.2100000e+002  2.3517260e-006  8.4925100e-007  0.0000000e+000
  8.2200000e+002  2.1924150e-006  7.9172100e-007  0.0000000e+000
  8.2300000e+002  2.0439020e-006  7.3809000e-007  0.0000000e+000
  8.2400000e+002  1.9054970e-006  6.8811000e-007  0.0000000e+000
  8.2500000e+002  1.7765090e-006  6.4153000e-007  0.0000000e+000
  8.2600000e+002  1.6562150e-006  5.9809000e-007  0.0000000e+000
  8.2700000e+002  1.5440220e-006  5.5757500e-007  0.0000000e+000
  8.2800000e+002  1.4394400e-006  5.1980800e-007  0.0000000e+000
  8.2900000e+002  1.3419770e-006  4.8461200e-007  0.0000000e+000
  8.3000000e+002  1.2511410e-006  4.5181000e-007  0.0000000e+000
