   3.8000000e+02   1.2091387e-03
   3.8100000e+02   1.5246338e-03
   3.8200000e+02   1.8769447e-03
   3.8300000e+02   2.2705684e-03
   3.8400000e+02   2.7105169e-03
   3.8500000e+02   3.2005099e-03
   3.8600000e+02   3.7442863e-03
   3.8700000e+02   4.3456568e-03
   3.8800000e+02   4.8806281e-03
   3.8900000e+02   5.4631358e-03
   3.9000000e+02   6.0919547e-03
   3.9100000e+02   7.5364660e-03
   3.9200000e+02   9.0990396e-03
   3.9300000e+02   1.0783693e-02
   3.9400000e+02   1.2592687e-02
   3.9500000e+02   1.4532445e-02
   3.9600000e+02   1.6610117e-02
   3.9700000e+02   1.8824392e-02
   3.9800000e+02   2.1069394e-02
   3.9900000e+02   2.3440122e-02
   4.0000000e+02   2.5946515e-02
   4.0100000e+02   3.0574024e-02
   4.0200000e+02   3.5431595e-02
   4.0300000e+02   4.0532850e-02
   4.0400000e+02   4.5897222e-02
   4.0500000e+02   5.1498463e-02
   4.0600000e+02   5.7304886e-02
   4.0700000e+02   6.3322470e-02
   4.0800000e+02   7.0099108e-02
   4.0900000e+02   7.7140992e-02
   4.1000000e+02   8.4427354e-02
   4.1100000e+02   9.4370078e-02
   4.1200000e+02   1.0466590e-01
   4.1300000e+02   1.1528670e-01
   4.1400000e+02   1.2619832e-01
   4.1500000e+02   1.3738737e-01
   4.1600000e+02   1.4884430e-01
   4.1700000e+02   1.6052439e-01
   4.1800000e+02   1.7402168e-01
   4.1900000e+02   1.8787977e-01
   4.2000000e+02   2.0208688e-01
   4.2100000e+02   2.1766540e-01
   4.2200000e+02   2.3360594e-01
   4.2300000e+02   2.4984953e-01
   4.2400000e+02   2.6634228e-01
   4.2500000e+02   2.8304002e-01
   4.2600000e+02   2.9983973e-01
   4.2700000e+02   3.1685804e-01
   4.2800000e+02   3.3514920e-01
   4.2900000e+02   3.5371391e-01
   4.3000000e+02   3.7239733e-01
   4.3100000e+02   3.8817916e-01
   4.3200000e+02   4.0393689e-01
   4.3300000e+02   4.1980641e-01
   4.3400000e+02   4.3597991e-01
   4.3500000e+02   4.5224882e-01
   4.3600000e+02   4.6839602e-01
   4.3700000e+02   4.8461904e-01
   4.3800000e+02   5.0199372e-01
   4.3900000e+02   5.1970156e-01
   4.4000000e+02   5.3802930e-01
   4.4100000e+02   5.5132932e-01
   4.4200000e+02   5.6426593e-01
   4.4300000e+02   5.7728705e-01
   4.4400000e+02   5.9073660e-01
   4.4500000e+02   6.0450398e-01
   4.4600000e+02   6.1864875e-01
   4.4700000e+02   6.3300307e-01
   4.4800000e+02   6.4725059e-01
   4.4900000e+02   6.6158146e-01
   4.5000000e+02   6.7599454e-01
   4.5100000e+02   6.8864871e-01
   4.5200000e+02   7.0128292e-01
   4.5300000e+02   7.1407212e-01
   4.5400000e+02   7.2725938e-01
   4.5500000e+02   7.4060856e-01
   4.5600000e+02   7.5393514e-01
   4.5700000e+02   7.6729993e-01
   4.5800000e+02   7.8153186e-01
   4.5900000e+02   7.9569803e-01
   4.6000000e+02   8.0961737e-01
   4.6100000e+02   8.2174172e-01
   4.6200000e+02   8.3357898e-01
   4.6300000e+02   8.4531572e-01
   4.6400000e+02   8.5725987e-01
   4.6500000e+02   8.6896569e-01
   4.6600000e+02   8.8001477e-01
   4.6700000e+02   8.9071947e-01
   4.6800000e+02   9.0114338e-01
   4.6900000e+02   9.1133345e-01
   4.7000000e+02   9.2135643e-01
   4.7100000e+02   9.3120581e-01
   4.7200000e+02   9.4059078e-01
   4.7300000e+02   9.4934401e-01
   4.7400000e+02   9.5717179e-01
   4.7500000e+02   9.6454412e-01
   4.7600000e+02   9.7201610e-01
   4.7700000e+02   9.7877755e-01
   4.7800000e+02   9.8405695e-01
   4.7900000e+02   9.8880535e-01
   4.8000000e+02   9.9372928e-01
   4.8100000e+02   9.9685681e-01
   4.8200000e+02   9.9891776e-01
   4.8300000e+02   9.9992868e-01
   4.8400000e+02   9.9996446e-01
   4.8500000e+02   1.0000000e+00
   4.8600000e+02   9.9906026e-01
   4.8700000e+02   9.9707014e-01
   4.8800000e+02   9.9512073e-01
   4.8900000e+02   9.9223877e-01
   4.9000000e+02   9.8914706e-01
   4.9100000e+02   9.8546514e-01
   4.9200000e+02   9.8051572e-01
   4.9300000e+02   9.7471763e-01
   4.9400000e+02   9.6861142e-01
   4.9500000e+02   9.6186855e-01
   4.9600000e+02   9.5422037e-01
   4.9700000e+02   9.4589333e-01
   4.9800000e+02   9.3711419e-01
   4.9900000e+02   9.2768833e-01
   5.0000000e+02   9.1734834e-01
   5.0100000e+02   9.0643593e-01
   5.0200000e+02   8.9505316e-01
   5.0300000e+02   8.8312578e-01
   5.0400000e+02   8.7065381e-01
   5.0500000e+02   8.5763424e-01
   5.0600000e+02   8.4400619e-01
   5.0700000e+02   8.2994900e-01
   5.0800000e+02   8.1568199e-01
   5.0900000e+02   8.0099911e-01
   5.1000000e+02   7.8557352e-01
   5.1100000e+02   7.6902591e-01
   5.1200000e+02   7.5273466e-01
   5.1300000e+02   7.3619391e-01
   5.1400000e+02   7.1881736e-01
   5.1500000e+02   7.0130600e-01
   5.1600000e+02   6.8437454e-01
   5.1700000e+02   6.6744251e-01
   5.1800000e+02   6.5009046e-01
   5.1900000e+02   6.3248307e-01
   5.2000000e+02   6.1442509e-01
   5.2100000e+02   5.9653412e-01
   5.2200000e+02   5.7954091e-01
   5.2300000e+02   5.6266982e-01
   5.2400000e+02   5.4522341e-01
   5.2500000e+02   5.2777640e-01
   5.2600000e+02   5.1077900e-01
   5.2700000e+02   4.9390746e-01
   5.2800000e+02   4.7681454e-01
   5.2900000e+02   4.5998769e-01
   5.3000000e+02   4.4390637e-01
   5.3100000e+02   4.2814927e-01
   5.3200000e+02   4.1234944e-01
   5.3300000e+02   3.9674383e-01
   5.3400000e+02   3.8144372e-01
   5.3500000e+02   3.6646575e-01
   5.3600000e+02   3.5188506e-01
   5.3700000e+02   3.3762323e-01
   5.3800000e+02   3.2358747e-01
   5.3900000e+02   3.0987564e-01
   5.4000000e+02   2.9654913e-01
   5.4100000e+02   2.8358472e-01
   5.4200000e+02   2.7093365e-01
   5.4300000e+02   2.5864330e-01
   5.4400000e+02   2.4676298e-01
   5.4500000e+02   2.3524042e-01
   5.4600000e+02   2.2402510e-01
   5.4700000e+02   2.1317087e-01
   5.4800000e+02   2.0270907e-01
   5.4900000e+02   1.9261985e-01
   5.5000000e+02   1.8289121e-01
   5.5100000e+02   1.7351853e-01
   5.5200000e+02   1.6446587e-01
   5.5300000e+02   1.5576097e-01
   5.5400000e+02   1.4742746e-01
   5.5500000e+02   1.3943976e-01
   5.5600000e+02   1.3178599e-01
   5.5700000e+02   1.2445236e-01
   5.5800000e+02   1.1744143e-01
   5.5900000e+02   1.1073642e-01
   5.6000000e+02   1.0434330e-01
   5.6100000e+02   9.8247681e-02
   5.6200000e+02   9.2425122e-02
   5.6300000e+02   8.6883041e-02
   5.6400000e+02   8.1627350e-02
   5.6500000e+02   7.6638430e-02
   5.6600000e+02   7.1904878e-02
   5.6700000e+02   6.7412713e-02
   5.6800000e+02   6.3170344e-02
   5.6900000e+02   5.9154738e-02
   5.7000000e+02   5.5372131e-02
   5.7100000e+02   5.1805634e-02
   5.7200000e+02   4.8436892e-02
   5.7300000e+02   4.5264866e-02
   5.7400000e+02   4.2291166e-02
   5.7500000e+02   3.9491584e-02
   5.7600000e+02   3.6845230e-02
   5.7700000e+02   3.4354532e-02
   5.7800000e+02   3.2024548e-02
   5.7900000e+02   2.9837801e-02
   5.8000000e+02   2.7788458e-02
   5.8100000e+02   2.5861319e-02
   5.8200000e+02   2.4051359e-02
   5.8300000e+02   2.2357238e-02
   5.8400000e+02   2.0777534e-02
   5.8500000e+02   1.9301876e-02
   5.8600000e+02   1.7922355e-02
   5.8700000e+02   1.6634575e-02
   5.8800000e+02   1.5433788e-02
   5.8900000e+02   1.4314677e-02
   5.9000000e+02   1.3272853e-02
   5.9100000e+02   1.2297290e-02
   5.9200000e+02   1.1388944e-02
   5.9300000e+02   1.0544059e-02
   5.9400000e+02   9.7592373e-03
   5.9500000e+02   9.0300709e-03
   5.9600000e+02   8.3524817e-03
   5.9700000e+02   7.7242392e-03
   5.9800000e+02   7.1469437e-03
   5.9900000e+02   6.6117901e-03
   6.0000000e+02   6.1148902e-03
   6.0100000e+02   5.6527268e-03
   6.0200000e+02   5.2242613e-03
   6.0300000e+02   4.8271789e-03
   6.0400000e+02   4.4593832e-03
   6.0500000e+02   4.1190178e-03
   6.0600000e+02   3.8045258e-03
   6.0700000e+02   3.5138315e-03
   6.0800000e+02   3.2453118e-03
   6.0900000e+02   2.9971000e-03
   6.1000000e+02   2.7675738e-03
   6.1100000e+02   2.5554684e-03
   6.1200000e+02   2.3594824e-03
   6.1300000e+02   2.1785592e-03
   6.1400000e+02   2.0118894e-03
   6.1500000e+02   1.8580422e-03
   6.1600000e+02   1.7158355e-03
   6.1700000e+02   1.5845534e-03
   6.1800000e+02   1.4642002e-03
   6.1900000e+02   1.3531005e-03
   6.2000000e+02   1.2505449e-03
   6.2100000e+02   1.1553295e-03
   6.2200000e+02   1.0674426e-03
   6.2300000e+02   9.8634114e-04
   6.2400000e+02   9.1151050e-04
   6.2500000e+02   8.4256896e-04
   6.2600000e+02   7.7925658e-04
   6.2700000e+02   7.2088989e-04
   6.2800000e+02   6.6689613e-04
   6.2900000e+02   6.1710048e-04
   6.3000000e+02   5.7135217e-04
   6.3100000e+02   5.2912543e-04
   6.3200000e+02   4.8998784e-04
   6.3300000e+02   4.5380377e-04
   6.3400000e+02   4.2041197e-04
   6.3500000e+02   3.8956309e-04
   6.3600000e+02   3.6106011e-04
   6.3700000e+02   3.3472321e-04
   6.3800000e+02   3.1054486e-04
   6.3900000e+02   2.8818333e-04
   6.4000000e+02   2.6749564e-04
   6.4100000e+02   2.4822896e-04
   6.4200000e+02   2.3038259e-04
   6.4300000e+02   2.1386939e-04
   6.4400000e+02   1.9861840e-04
   6.4500000e+02   1.8449935e-04
   6.4600000e+02   1.7141074e-04
   6.4700000e+02   1.5927187e-04
   6.4800000e+02   1.4799374e-04
   6.4900000e+02   1.3755226e-04
   6.5000000e+02   1.2794196e-04
   6.5100000e+02   1.1902711e-04
   6.5200000e+02   1.1068815e-04
   6.5300000e+02   1.0294986e-04
   6.5400000e+02   9.5828065e-05
   6.5500000e+02   8.9219052e-05
   6.5600000e+02   8.3039529e-05
   6.5700000e+02   7.7300697e-05
   6.5800000e+02   7.2004441e-05
   6.5900000e+02   6.7091655e-05
   6.6000000e+02   6.2522466e-05
   6.6100000e+02   5.8245004e-05
   6.6200000e+02   5.4259831e-05
   6.6300000e+02   5.0558396e-05
   6.6400000e+02   4.7133603e-05
   6.6500000e+02   4.3954408e-05
   6.6600000e+02   4.0999682e-05
   6.6700000e+02   3.8248996e-05
   6.6800000e+02   3.5681380e-05
   6.6900000e+02   3.3290592e-05
   6.7000000e+02   3.1069663e-05
   6.7100000e+02   2.9003414e-05
   6.7200000e+02   2.7080843e-05
   6.7300000e+02   2.5290024e-05
   6.7400000e+02   2.3619595e-05
   6.7500000e+02   2.2063814e-05
   6.7600000e+02   2.0617486e-05
   6.7700000e+02   1.9270652e-05
   6.7800000e+02   1.8016525e-05
   6.7900000e+02   1.6845581e-05
   6.8000000e+02   1.5747309e-05
   6.8100000e+02   1.4723644e-05
   6.8200000e+02   1.3776761e-05
   6.8300000e+02   1.2894015e-05
   6.8400000e+02   1.2065869e-05
   6.8500000e+02   1.1291736e-05
   6.8600000e+02   1.0569157e-05
   6.8700000e+02   9.8951549e-06
   6.8800000e+02   9.2680913e-06
   6.8900000e+02   8.6826195e-06
   6.9000000e+02   8.1346447e-06
   6.9100000e+02   7.6216511e-06
   6.9200000e+02   7.1398053e-06
   6.9300000e+02   6.6905971e-06
   6.9400000e+02   6.2767943e-06
   6.9500000e+02   5.8894576e-06
   6.9600000e+02   5.5205536e-06
   6.9700000e+02   5.1749279e-06
   6.9800000e+02   4.8557672e-06
   6.9900000e+02   4.5578340e-06
   7.0000000e+02   4.2777976e-06
   7.0100000e+02   4.0154409e-06
   7.0200000e+02   3.7700706e-06
   7.0300000e+02   3.5401703e-06
   7.0400000e+02   3.3244055e-06
   7.0500000e+02   3.1222787e-06
   7.0600000e+02   2.9330353e-06
   7.0700000e+02   2.7563528e-06
   7.0800000e+02   0.0000000e+00
   7.0900000e+02   0.0000000e+00
   7.1000000e+02   0.0000000e+00
   7.1100000e+02   0.0000000e+00
   7.1200000e+02   0.0000000e+00
   7.1300000e+02   0.0000000e+00
   7.1400000e+02   0.0000000e+00
   7.1500000e+02   0.0000000e+00
   7.1600000e+02   0.0000000e+00
   7.1700000e+02   0.0000000e+00
   7.1800000e+02   0.0000000e+00
   7.1900000e+02   0.0000000e+00
   7.2000000e+02   0.0000000e+00
   7.2100000e+02   0.0000000e+00
   7.2200000e+02   0.0000000e+00
   7.2300000e+02   0.0000000e+00
   7.2400000e+02   0.0000000e+00
   7.2500000e+02   0.0000000e+00
   7.2600000e+02   0.0000000e+00
   7.2700000e+02   0.0000000e+00
   7.2800000e+02   0.0000000e+00
   7.2900000e+02   0.0000000e+00
   7.3000000e+02   0.0000000e+00
