  3.9000000e+002  7.7700078e-003
  3.9200000e+002  4.1025641e-002
  3.9400000e+002  7.4281274e-002
  3.9600000e+002  1.0753691e-001
  3.9800000e+002  1.4079254e-001
  4.0000000e+002  1.7404817e-001
  4.0200000e+002  2.1181041e-001
  4.0400000e+002  2.4957265e-001
  4.0600000e+002  2.8733489e-001
  4.0800000e+002  3.2509713e-001
  4.1000000e+002  3.6285936e-001
  4.1200000e+002  4.2253302e-001
  4.1400000e+002  4.8220668e-001
  4.1600000e+002  5.4188034e-001
  4.1800000e+002  6.0155400e-001
  4.2000000e+002  6.6122766e-001
  4.2200000e+002  7.0986791e-001
  4.2400000e+002  7.5850816e-001
  4.2600000e+002  8.0714841e-001
  4.2800000e+002  8.5578866e-001
  4.3000000e+002  9.0442890e-001
  4.3200000e+002  9.2354312e-001
  4.3400000e+002  9.4265734e-001
  4.3600000e+002  9.6177156e-001
  4.3800000e+002  9.8088578e-001
  4.4000000e+002  1.0000000e+000
  4.4200000e+002  9.8321678e-001
  4.4400000e+002  9.6643357e-001
  4.4600000e+002  9.4965035e-001
  4.4800000e+002  9.3286713e-001
  4.5000000e+002  9.1608392e-001
  4.5200000e+002  8.9324009e-001
  4.5400000e+002  8.7039627e-001
  4.5600000e+002  8.4755245e-001
  4.5800000e+002  8.2470862e-001
  4.6000000e+002  8.0186480e-001
  4.6200000e+002  7.8010878e-001
  4.6400000e+002  7.5835276e-001
  4.6600000e+002  7.3659674e-001
  4.6800000e+002  7.1484071e-001
  4.7000000e+002  6.9308469e-001
  4.7200000e+002  6.4848485e-001
  4.7400000e+002  6.0388500e-001
  4.7600000e+002  5.5928516e-001
  4.7800000e+002  5.1468531e-001
  4.8000000e+002  4.7008547e-001
  4.8200000e+002  4.3154623e-001
  4.8400000e+002  3.9300699e-001
  4.8600000e+002  3.5446775e-001
  4.8800000e+002  3.1592852e-001
  4.9000000e+002  2.7738928e-001
  4.9200000e+002  2.5485625e-001
  4.9400000e+002  2.3232323e-001
  4.9600000e+002  2.0979021e-001
  4.9800000e+002  1.8725719e-001
  5.0000000e+002  1.6472416e-001
  5.0200000e+002  1.5089355e-001
  5.0400000e+002  1.3706294e-001
  5.0600000e+002  1.2323232e-001
  5.0800000e+002  1.0940171e-001
  5.1000000e+002  9.5571096e-002
  5.1200000e+002  8.5936286e-002
  5.1400000e+002  7.6301476e-002
  5.1600000e+002  6.6666667e-002
  5.1800000e+002  5.7031857e-002
  5.2000000e+002  4.7397047e-002
  5.2200000e+002  4.3045843e-002
  5.2400000e+002  3.8694639e-002
  5.2600000e+002  3.4343434e-002
  5.2800000e+002  2.9992230e-002
  5.3000000e+002  2.5641026e-002
  5.3200000e+002  2.2999223e-002
  5.3400000e+002  2.0357420e-002
  5.3600000e+002  1.7715618e-002
  5.3800000e+002  1.5073815e-002
  5.4000000e+002  1.2432012e-002
  5.4200000e+002  1.1033411e-002
  5.4400000e+002  9.6348096e-003
  5.4600000e+002  8.2362082e-003
  5.4800000e+002  6.8376068e-003
  5.5000000e+002  5.4390054e-003
  5.5200000e+002  4.8174048e-003
  5.5400000e+002  4.1958042e-003
  5.5600000e+002  3.5742036e-003
  5.5800000e+002  2.9526030e-003
  5.6000000e+002  2.3310023e-003
  5.6200000e+002  2.1756022e-003
  5.6400000e+002  2.0202020e-003
  5.6600000e+002  1.8648019e-003
  5.6800000e+002  1.7094017e-003
  5.7000000e+002  1.5540016e-003
  5.7200000e+002  1.3986014e-003
  5.7400000e+002  1.2432012e-003
  5.7600000e+002  1.0878011e-003
  5.7800000e+002  9.3240093e-004
  5.8000000e+002  7.7700078e-004
  5.8200000e+002  7.7700078e-004
  5.8400000e+002  7.7700078e-004
  5.8600000e+002  7.7700078e-004
  5.8800000e+002  7.7700078e-004
  5.9000000e+002  7.7700078e-004
  5.9200000e+002  7.7700078e-004
  5.9400000e+002  7.7700078e-004
  5.9600000e+002  7.7700078e-004
  5.9800000e+002  7.7700078e-004
  6.0000000e+002  7.7700078e-004
  6.0200000e+002  6.2160062e-004
  6.0400000e+002  4.6620047e-004
  6.0600000e+002  3.1080031e-004
  6.0800000e+002  1.5540016e-004
  6.1000000e+002  0.0000000e+000
  6.1200000e+002  0.0000000e+000
  6.1400000e+002  0.0000000e+000
  6.1600000e+002  0.0000000e+000
  6.1800000e+002  0.0000000e+000
  6.2000000e+002  0.0000000e+000
  6.2200000e+002  0.0000000e+000
  6.2400000e+002  0.0000000e+000
  6.2600000e+002  0.0000000e+000
  6.2800000e+002  0.0000000e+000
  6.3000000e+002  0.0000000e+000
  6.3200000e+002  0.0000000e+000
  6.3400000e+002  0.0000000e+000
  6.3600000e+002  0.0000000e+000
  6.3800000e+002  0.0000000e+000
  6.4000000e+002  0.0000000e+000
  6.4200000e+002  0.0000000e+000
  6.4400000e+002  0.0000000e+000
  6.4600000e+002  0.0000000e+000
  6.4800000e+002  0.0000000e+000
  6.5000000e+002  0.0000000e+000
  6.5200000e+002  0.0000000e+000
  6.5400000e+002  0.0000000e+000
  6.5600000e+002  0.0000000e+000
  6.5800000e+002  0.0000000e+000
  6.6000000e+002  0.0000000e+000
  6.6200000e+002  0.0000000e+000
  6.6400000e+002  0.0000000e+000
  6.6600000e+002  0.0000000e+000
  6.6800000e+002  0.0000000e+000
  6.7000000e+002  0.0000000e+000
  6.7200000e+002  0.0000000e+000
  6.7400000e+002  0.0000000e+000
  6.7600000e+002  0.0000000e+000
  6.7800000e+002  0.0000000e+000
  6.8000000e+002  0.0000000e+000
  6.8200000e+002  0.0000000e+000
  6.8400000e+002  0.0000000e+000
  6.8600000e+002  0.0000000e+000
  6.8800000e+002  0.0000000e+000
  6.9000000e+002  0.0000000e+000
  6.9200000e+002  0.0000000e+000
  6.9400000e+002  0.0000000e+000
  6.9600000e+002  0.0000000e+000
  6.9800000e+002  0.0000000e+000
  7.0000000e+002  0.0000000e+000
  7.0200000e+002  0.0000000e+000
  7.0400000e+002  0.0000000e+000
  7.0600000e+002  0.0000000e+000
  7.0800000e+002  0.0000000e+000
  7.1000000e+002  0.0000000e+000
  7.1200000e+002  0.0000000e+000
  7.1400000e+002  0.0000000e+000
  7.1600000e+002  0.0000000e+000
  7.1800000e+002  0.0000000e+000
  7.2000000e+002  0.0000000e+000
  7.2200000e+002  0.0000000e+000
  7.2400000e+002  0.0000000e+000
  7.2600000e+002  0.0000000e+000
  7.2800000e+002  0.0000000e+000
  7.3000000e+002  0.0000000e+000
